9 1 11 1 22 1 8 1 22 1 14 1 8 1 13 1 9 1 13 1 14 1 18 1 18 1 14 1 13 1 8 1 9 1 32 1 14 1 13 1 14 1 20 1 9 1 22 1 22 1 32 1 11 1 18 1 12 1 8 1 32 1 11 1 18 1 18 1 11 1 18 1 8 1 11 1 8 1 9 1
20 1 18 1 32 1 8 1 12 1 13 1 11 1 32 1 13 1 14 1 20 1 12 1 22 1 8 1 12 1 9 1 18 1 14 1 32 1 32 1 14 1 32 1 18 1 18 1 14 1 9 1 14 1 22 1 18 1 13 1 20 1 22 1 13 1 14 1 13 1 22 1 20 1 22 1 14 1 22 1
8 1 18 1 20 1 18 1 14 1 18 1 32 1 14 1 18 1 13 1 22 1 13 1 20 1 14 1 9 1 11 1 9 1 13 1 11 1 22 1 20 1 8 1 12 1 8 1 9 1 14 1 14 1 9 1 13 1 18 1 20 1 18 1 13 1 13 1 22 1 9 1 8 1 20 1 11 1 14 1
22 1 14 1 12 1 9 1 13 1 32 1 9 1 13 1 22 1 11 1 20 1 8 1 22 1 22 1 12 1 13 1 14 1 20 1 8 1 13 1 14 1 13 1 11 1 11 1 22 1 12 1 12 1 9 1 9 1 11 1 20 1 20 1 14 1 32 1 13 1 9 1 20 1 20 1 8 1 11 1
13 1 22 1 18 1 11 1 12 1 8 1 14 1 14 1 18 1 11 1 20 1 11 1 18 1 18 1 9 1 32 1 32 1 18 1 12 1 20 1 12 1 11 1 14 1 9 1 18 1 9 1 32 1 11 1 20 1 9 1 20 1 32 1 32 1 14 1 32 1 22 1 18 1 32 1 11 1 8 1
32 1 11 1 32 1 12 1 12 1 12 1 11 1 14 1 11 1 22 1 11 1 12 1 18 1 20 1 9 1 18 1 14 1 9 1 22 1 14 1 9 1 11 1 8 1 32 1 12 1 32 1 12 1 12 1 13 1 22 1 12 1 8 1 11 1 20 1 9 1 9 1 32 1 12 1 13 1 18 1
18 1 20 1 13 1 11 1 8 1 11 1 22 1 12 1 22 1 9 1 9 1 8 1 9 1 13 1 22 1 32 1 22 1 11 1 18 1 22 1 32 1 12 1 20 1 22 1 18 1 9 1 14 1 12 1 18 1 22 1 11 1 9 1 32 1 8 1 12 1 22 1 14 1 12 1 20 1 12 1
12 1 18 1 8 1 8 1 20 1 18 1 13 1 8 1 20 1 32 1 18 1 12 1 22 1 11 1 14 1 18 1 18 1 13 1 18 1 8 1 14 1 8 1 8 1 14 1 20 1 11 1 20 1 9 1 22 1 8 1 8 1 12 1 14 1 9 1 14 1 20 1 14 1 20 1 22 1 14 1
11 1 12 1 32 1 11 1 20 1 12 1 32 1 22 1 18 1 8 1 20 1 32 1 13 1 12 1 20 1 20 1 11 1 18 1 9 1 20 1 22 1 14 1 9 1 9 1 9 1 22 1 14 1 18 1 32 1 13 1 12 1 18 1 32 1 18 1 22 1 14 1 22 1 22 1 12 1 11 1
1 22 1 32 1 32 1 13 1 8 1 22 1 14 1 11 1 12 1 22 1 32 1 13 1 9 1 22 1 9 1 12 1 14 1 9 1 32 1 14 1 32 1 32 1 32 1 18 1 9 1 8 1 32 1 8 1 8 1 11 1 11 1 22 1 14 1 11 1 22 1 13 1 14 1 14 1 13 1 13
14 1 32 1 22 1 22 1 18 1 12 1 32 1 8 1 12 1 14 1 20 1 20 1 22 1 22 1 9 1 14 1 32 1 14 1 32 1 8 1 18 1 20 1 20 1 18 1 22 1 11 1 22 1 18 1 18 1 32 1 20 1 18 1 20 1 20 1 11 1 11 1 8 1 14 1 11 1 12 1
11 1 22 1 12 1 18 1 12 1 14 1 32 1 14 1 12 1 12 1 18 1 20 1 13 1 8 1 9 1 18 1 14 1 32 1 12 1 14 1 18 1 11 1 20 1 8 1 13 1 12 1 11 1 32 1 9 1 32 1 18 1 14 1 18 1 18 1 22 1 14 1 12 1 9 1 14 1 12 1
9 1 32 1 8 1 22 1 13 1 9 1 20 1 11 1 14 1 22 1 20 1 18 1 11 1 22 1 11 1 22 1 8 1 18 1 32 1 32 1 12 1 20 1 18 1 32 1 32 1 9 1 9 1 20 1 13 1 12 1 13 1 9 1 12 1 18 1 14 1 11 1 8 1 8 1 20 1 12 1
32 1 9 1 32 1 13 1 14 1 13 1 9 1 14 1 32 1 9 1 14 1 13 1 9 1 18 1 14 1 9 1 8 1 13 1 11 1 8 1 32 1 20 1 22 1 14 1 12 1 11 1 11 1 32 1 20 1 12 1 20 1 8 1 20 1 32 1 32 1 12 1 12 1 8 1 32 1 9 1
1 20 1 13 1 18 1 20 1 20 1 12 1 11 1 32 1 11 1 32 1 8 1 8 1 13 1 32 1 13 1 14 1 32 1 18 1 12 1 13 1 8 1 12 1 9 1 8 1 13 1 12 1 18 1 11 1 8 1 18 1 18 1 20 1 22 1 9 1 8 1 22 1 18 1 32 1 14 1 20
13 1 22 1 20 1 32 1 14 1 18 1 18 1 14 1 11 1 8 1 12 1 14 1 12 1 12 1 12 1 18 1 32 1 12 1 22 1 8 1 9 1 22 1 12 1 13 1 20 1 12 1 18 1 13 1 9 1 14 1 18 1 11 1 12 1 14 1 20 1 13 1 11 1 14 1 22 1 22 1
14 1 32 1 12 1 20 1 20 1 12 1 18 1 14 1 22 1 32 1 8 1 13 1 20 1 8 1 14 1 11 1 9 1 9 1 11 1 22 1 20 1 18 1 22 1 22 1 9 1 32 1 9 1 32 1 11 1 9 1 32 1 9 1 9 1 11 1 32 1 32 1 9 1 11 1 11 1 22 1
12 1 12 1 11 1 12 1 20 1 22 1 22 1 13 1 11 1 11 1 13 1 8 1 18 1 12 1 12 1 13 1 18 1 11 1 14 1 12 1 18 1 32 1 9 1 32 1 20 1 14 1 9 1 18 1 11 1 20 1 9 1 13 1 9 1 11 1 14 1 32 1 12 1 9 1 13 1 14 1
20 1 20 1 13 1 14 1 14 1 8 1 18 1 22 1 11 1 18 1 18 1 8 1 8 1 22 1 8 1 20 1 18 1 22 1 14 1 20 1 18 1 22 1 13 1 14 1 11 1 13 1 20 1 20 1 11 1 13 1 32 1 8 1 14 1 14 1 8 1 11 1 18 1 20 1 20 1 12 1
22 1 11 1 14 1 14 1 14 1 14 1 18 1 32 1 13 1 12 1 20 1 20 1 11 1 12 1 11 1 20 1 32 1 12 1 32 1 18 1 13 1 12 1 22 1 14 1 12 1 9 1 9 1 22 1 32 1 20 1 18 1 22 1 22 1 22 1 20 1 22 1 18 1 22 1 18 1 20 1
18 1 11 1 11 1 8 1 32 1 14 1 8 1 13 1 22 1 8 1 14 1 22 1 12 1 14 1 18 1 12 1 12 1 13 1 9 1 14 1 11 1 32 1 13 1 9 1 20 1 8 1 8 1 8 1 8 1 13 1 8 1 9 1 9 1 13 1 22 1 13 1 8 1 18 1 9 1 14 1
8 1 14 1 8 1 32 1 8 1 18 1 32 1 8 1 13 1 12 1 12 1 18 1 18 1 18 1 8 1 14 1 11 1 11 1 22 1 22 1 8 1 18 1 20 1 20 1 18 1 9 1 9 1 12 1 14 1 22 1 14 1 12 1 32 1 18 1 9 1 13 1 11 1 22 1 14 1 18 1
32 1 32 1 20 1 9 1 12 1 22 1 20 1 11 1 32 1 8 1 14 1 20 1 32 1 13 1 20 1 32 1 13 1 32 1 9 1 8 1 11 1 20 1 14 1 20 1 11 1 20 1 13 1 8 1 9 1 13 1 18 1 12 1 18 1 13 1 12 1 11 1 11 1 20 1 14 1 18 1
18 1 11 1 13 1 9 1 12 1 32 1 18 1 8 1 8 1 32 1 18 1 14 1 20 1 9 1 20 1 20 1 18 1 14 1 9 1 32 1 22 1 9 1 11 1 22 1 32 1 11 1 14 1 11 1 14 1 20 1 18 1 22 1 12 1 18 1 14 1 12 1 22 1 18 1 18 1 32 1
12 1 9 1 32 1 22 1 8 1 14 1 18 1 18 1 8 1 18 1 13 1 32 1 12 1 9 1 22 1 12 1 8 1 18 1 20 1 18 1 13 1 32 1 9 1 12 1 12 1 32 1 14 1 20 1 20 1 9 1 13 1 32 1 13 1 22 1 11 1 11 1 11 1 22 1 13 1 32 1
9 1 12 1 18 1 8 1 22 1 9 1 12 1 14 1 11 1 20 1 12 1 20 1 32 1 8 1 14 1 32 1 8 1 12 1 11 1 11 1 18 1 11 1 32 1 13 1 12 1 18 1 11 1 14 1 14 1 18 1 12 1 32 1 12 1 22 1 8 1 22 1 20 1 32 1 13 1 18 1
8 1 18 1 8 1 32 1 20 1 8 1 18 1 12 1 13 1 13 1 11 1 13 1 12 1 11 1 14 1 18 1 13 1 9 1 8 1 12 1 22 1 18 1 14 1 14 1 11 1 14 1 32 1 8 1 13 1 32 1 12 1 12 1 12 1 14 1 32 1 13 1 8 1 32 1 11 1 9 1
1 22 1 13 1 20 1 18 1 32 1 13 1 32 1 18 1 12 1 13 1 20 1 8 1 11 1 11 1 9 1 14 1 12 1 20 1 11 1 20 1 20 1 18 1 13 1 32 1 32 1 18 1 9 1 9 1 14 1 22 1 18 1 18 1 14 1 32 1 9 1 12 1 8 1 14 1 13 1 32
20 1 11 1 13 1 18 1 18 1 18 1 20 1 14 1 18 1 9 1 32 1 11 1 11 1 9 1 20 1 9 1 20 1 9 1 22 1 18 1 22 1 9 1 8 1 11 1 11 1 8 1 11 1 32 1 14 1 8 1 22 1 13 1 12 1 22 1 32 1 9 1 11 1 13 1 8 1 12 1
22 1 18 1 18 1 13 1 8 1 22 1 18 1 14 1 13 1 20 1 22 1 11 1 32 1 20 1 11 1 32 1 22 1 11 1 32 1 22 1 13 1 8 1 13 1 22 1 8 1 13 1 8 1 13 1 14 1 8 1 13 1 9 1 13 1 9 1 18 1 14 1 12 1 18 1 14 1 12 1
14 1 22 1 20 1 32 1 22 1 11 1 18 1 9 1 20 1 13 1 13 1 13 1 8 1 12 1 8 1 20 1 22 1 8 1 11 1 14 1 12 1 8 1 14 1 22 1 12 1 9 1 8 1 22 1 9 1 12 1 20 1 12 1 20 1 14 1 18 1 11 1 9 1 13 1 8 1 14 1
13 1 20 1 11 1 32 1 32 1 18 1 18 1 11 1 12 1 11 1 20 1 18 1 22 1 8 1 9 1 32 1 8 1 14 1 13 1 32 1 32 1 22 1 11 1 11 1 22 1 22 1 32 1 9 1 9 1 22 1 8 1 8 1 18 1 14 1 13 1 22 1 14 1 8 1 22 1 22 1
11 1 22 1 18 1 8 1 13 1 13 1 22 1 11 1 22 1 12 1 20 1 22 1 13 1 14 1 13 1 11 1 20 1 8 1 22 1 20 1 11 1 20 1 18 1 22 1 9 1 12 1 32 1 22 1 18 1 11 1 22 1 18 1 13 1 9 1 18 1 11 1 22 1 14 1 13 1 14 1
13 1 20 1 18 1 22 1 11 1 22 1 32 1 18 1 22 1 9 1 13 1 32 1 9 1 13 1 11 1 11 1 22 1 32 1 32 1 22 1 20 1 14 1 20 1 14 1 8 1 22 1 13 1 20 1 18 1 22 1 12 1 20 1 14 1 12 1 32 1 11 1 11 1 20 1 14 1 14 1
18 1 20 1 11 1 18 1 8 1 32 1 22 1 22 1 12 1 18 1 18 1 18 1 32 1 11 1 12 1 9 1 20 1 12 1 18 1 12 1 13 1 18 1 22 1 32 1 18 1 32 1 20 1 8 1 22 1 32 1 32 1 20 1 14 1 18 1 12 1 22 1 18 1 13 1 11 1 8 1
8 1 20 1 20 1 9 1 18 1 22 1 14 1 18 1 8 1 8 1 14 1 12 1 8 1 9 1 22 1 12 1 14 1 22 1 13 1 32 1 32 1 20 1 32 1 12 1 11 1 11 1 32 1 20 1 32 1 8 1 12 1 20 1 20 1 14 1 12 1 18 1 20 1 12 1 12 1 20 1
12 1 13 1 9 1 9 1 8 1 32 1 9 1 22 1 20 1 32 1 18 1 11 1 14 1 11 1 9 1 20 1 20 1 11 1 11 1 13 1 22 1 11 1 12 1 11 1 9 1 12 1 20 1 8 1 32 1 22 1 14 1 18 1 8 1 13 1 22 1 18 1 14 1 9 1 18 1 8 1
1 13 1 32 1 20 1 20 1 32 1 18 1 13 1 32 1 9 1 9 1 20 1 22 1 12 1 9 1 11 1 20 1 22 1 18 1 18 1 11 1 9 1 18 1 9 1 14 1 32 1 12 1 18 1 14 1 14 1 13 1 12 1 32 1 13 1 22 1 9 1 14 1 32 1 18 1 14 1 20
14 1 18 1 14 1 8 1 8 1 20 1 32 1 18 1 13 1 11 1 9 1 12 1 11 1 8 1 8 1 32 1 20 1 12 1 9 1 13 1 12 1 8 1 20 1 22 1 18 1 12 1 14 1 18 1 18 1 32 1 22 1 12 1 14 1 11 1 9 1 20 1 32 1 9 1 14 1 13 1
9 1 22 1 11 1 32 1 9 1 22 1 8 1 14 1 8 1 13 1 11 1 20 1 9 1 13 1 12 1 9 1 32 1 18 1 11 1 32 1 13 1 14 1 12 1 20 1 13 1 14 1 20 1 11 1 20 1 12 1 11 1 11 1 14 1 11 1 14 1 9 1 18 1 20 1 8 1 14 1
11 1 22 1 20 1 8 1 13 1 11 1 9 1 11 1 11 1 18 1 14 1 8 1 11 1 18 1 12 1 18 1 9 1 13 1 12 1 18 1 13 1 9 1 20 1 8 1 11 1 22 1 11 1 12 1 11 1 32 1 8 1 11 1 8 1 20 1 18 1 8 1 22 1 12 1 18 1 13 1
32 1 18 1 11 1 11 1 8 1 18 1 20 1 22 1 32 1 22 1 32 1 20 1 20 1 8 1 9 1 12 1 18 1 12 1 20 1 12 1 22 1 9 1 22 1 12 1 13 1 8 1 32 1 14 1 14 1 8 1 14 1 32 1 14 1 14 1 22 1 32 1 22 1 20 1 18 1 12 1
22 1 9 1 12 1 14 1 12 1 8 1 20 1 18 1 12 1 22 1 32 1 18 1 32 1 14 1 13 1 8 1 9 1 32 1 14 1 18 1 18 1 32 1 20 1 22 1 8 1 18 1 22 1 9 1 18 1 18 1 22 1 32 1 14 1 14 1 8 1 20 1 12 1 13 1 22 1 11 1
20 1 18 1 18 1 22 1 11 1 32 1 13 1 11 1 22 1 9 1 9 1 32 1 13 1 20 1 20 1 12 1 14 1 8 1 11 1 12 1 14 1 18 1 32 1 20 1 13 1 20 1 11 1 32 1 32 1 8 1 14 1 11 1 12 1 22 1 8 1 11 1 14 1 11 1 13 1 20 1
9 1 12 1 8 1 20 1 12 1 11 1 13 1 22 1 22 1 22 1 22 1 8 1 32 1 22 1 8 1 22 1 18 1 32 1 20 1 8 1 12 1 13 1 13 1 8 1 18 1 9 1 9 1 20 1 9 1 20 1 8 1 32 1 32 1 11 1 14 1 18 1 32 1 14 1 22 1 12 1
12 1 8 1 13 1 18 1 11 1 18 1 12 1 13 1 18 1 11 1 8 1 20 1 11 1 9 1 18 1 12 1 13 1 8 1 22 1 18 1 8 1 18 1 20 1 11 1 9 1 9 1 8 1 12 1 18 1 22 1 32 1 32 1 8 1 13 1 12 1 8 1 18 1 22 1 22 1 12 1
1 12 1 8 1 9 1 22 1 11 1 11 1 32 1 18 1 9 1 32 1 18 1 12 1 14 1 12 1 11 1 20 1 18 1 8 1 12 1 20 1 22 1 12 1 11 1 9 1 32 1 11 1 13 1 20 1 14 1 13 1 12 1 11 1 9 1 12 1 32 1 14 1 11 1 12 1 18 1 22
11 1 20 1 14 1 22 1 32 1 12 1 11 1 11 1 32 1 11 1 20 1 22 1 9 1 18 1 22 1 22 1 18 1 14 1 18 1 18 1 32 1 22 1 8 1 13 1 22 1 8 1 8 1 20 1 12 1 12 1 13 1 18 1 9 1 13 1 32 1 18 1 14 1 32 1 11 1 13 1
14 1 22 1 13 1 32 1 20 1 8 1 18 1 8 1 32 1 12 1 8 1 8 1 32 1 12 1 20 1 9 1 13 1 11 1 32 1 22 1 18 1 13 1 11 1 12 1 22 1 9 1 20 1 18 1 32 1 8 1 11 1 18 1 22 1 11 1 14 1 32 1 11 1 14 1 12 1 20 1
18 1 18 1 32 1 11 1 13 1 18 1 32 1 12 1 14 1 12 1 13 1 20 1 13 1 20 1 11 1 8 1 13 1 14 1 11 1 18 1 13 1 14 1 22 1 18 1 22 1 9 1 14 1 14 1 14 1 18 1 22 1 13 1 13 1 18 1 22 1 32 1 14 1 12 1 13 1 12 1
13 1 11 1 9 1 14 1 22 1 20 1 12 1 20 1 20 1 8 1 32 1 9 1 32 1 13 1 8 1 12 1 22 1 9 1 20 1 14 1 14 1 13 1 13 1 12 1 12 1 18 1 12 1 9 1 12 1 18 1 11 1 12 1 20 1 9 1 9 1 22 1 9 1 18 1 11 1 32 1
8 1 13 1 22 1 14 1 20 1 18 1 12 1 12 1 18 1 14 1 9 1 14 1 9 1 11 1 18 1 9 1 32 1 22 1 20 1 18 1 11 1 32 1 11 1 20 1 9 1 11 1 8 1 18 1 22 1 12 1 14 1 9 1 12 1 12 1 12 1 13 1 11 1 9 1 13 1 12 1
22 1 22 1 12 1 20 1 9 1 13 1 32 1 18 1 22 1 20 1 20 1 11 1 14 1 11 1 18 1 18 1 11 1 22 1 18 1 14 1 9 1 8 1 12 1 14 1 11 1 22 1 8 1 32 1 20 1 8 1 18 1 22 1 9 1 18 1 18 1 32 1 14 1 22 1 9 1 18 1
32 1 12 1 22 1 20 1 14 1 12 1 8 1 12 1 20 1 13 1 11 1 14 1 14 1 12 1 32 1 20 1 14 1 9 1 14 1 20 1 12 1 12 1 22 1 18 1 11 1 18 1 20 1 13 1 18 1 14 1 14 1 11 1 14 1 20 1 13 1 32 1 8 1 8 1 32 1 13 1
20 1 14 1 18 1 8 1 32 1 20 1 11 1 9 1 9 1 14 1 11 1 9 1 20 1 32 1 11 1 32 1 14 1 8 1 9 1 22 1 18 1 18 1 13 1 22 1 9 1 14 1 8 1 8 1 22 1 20 1 8 1 18 1 8 1 12 1 9 1 11 1 13 1 8 1 18 1 11 1
20 1 18 1 32 1 8 1 8 1 32 1 13 1 14 1 32 1 18 1 20 1 14 1 11 1 14 1 12 1 20 1 9 1 8 1 11 1 9 1 18 1 11 1 18 1 32 1 22 1 12 1 11 1 11 1 8 1 20 1 8 1 14 1 32 1 20 1 20 1 13 1 22 1 20 1 12 1 18 1
12 1 12 1 8 1 12 1 32 1 20 1 13 1 18 1 14 1 9 1 11 1 22 1 14 1 20 1 13 1 8 1 12 1 18 1 12 1 18 1 9 1 9 1 12 1 9 1 22 1 11 1 32 1 14 1 8 1 12 1 22 1 22 1 13 1 14 1 9 1 11 1 14 1 11 1 32 1 14 1
8 1 22 1 18 1 8 1 9 1 18 1 9 1 9 1 8 1 20 1 14 1 8 1 18 1 14 1 9 1 9 1 18 1 9 1 20 1 13 1 32 1 12 1 14 1 14 1 9 1 18 1 11 1 13 1 18 1 11 1 8 1 11 1 12 1 22 1 20 1 13 1 8 1 32 1 32 1 14 1
14 1 9 1 11 1 11 1 12 1 20 1 20 1 12 1 32 1 20 1 8 1 32 1 13 1 18 1 12 1 12 1 32 1 20 1 32 1 22 1 20 1 13 1 9 1 8 1 14 1 11 1 12 1 32 1 13 1 22 1 8 1 18 1 12 1 13 1 9 1 20 1 20 1 32 1 13 1 13 1
11 1 13 1 18 1 20 1 8 1 18 1 18 1 14 1 11 1 20 1 20 1 32 1 22 1 12 1 18 1 20 1 32 1 18 1 8 1 14 1 18 1 11 1 13 1 20 1 32 1 13 1 11 1 13 1 8 1 13 1 12 1 13 1 9 1 32 1 18 1 11 1 9 1 20 1 22 1 12 1
18 1 32 1 20 1 22 1 32 1 22 1 11 1 9 1 20 1 22 1 12 1 32 1 8 1 20 1 9 1 13 1 20 1 18 1 14 1 11 1 20 1 18 1 8 1 12 1 18 1 9 1 12 1 13 1 20 1 18 1 20 1 13 1 18 1 8 1 8 1 22 1 13 1 9 1 32 1 32 1
9 1 18 1 11 1 8 1 12 1 32 1 11 1 11 1 9 1 18 1 18 1 18 1 20 1 13 1 20 1 11 1 9 1 32 1 11 1 22 1 32 1 13 1 14 1 11 1 22 1 20 1 13 1 22 1 12 1 18 1 14 1 8 1 14 1 20 1 22 1 13 1 13 1 11 1 18 1 32 1
1 20 1 18 1 8 1 22 1 32 1 8 1 14 1 32 1 11 1 18 1 22 1 8 1 14 1 18 1 9 1 20 1 18 1 13 1 13 1 12 1 13 1 8 1 14 1 22 1 22 1 18 1 20 1 18 1 11 1 9 1 14 1 8 1 14 1 9 1 20 1 13 1 22 1 22 1 11 1 32
32 1 8 1 32 1 8 1 9 1 14 1 11 1 32 1 20 1 32 1 13 1 14 1 32 1 32 1 14 1 8 1 8 1 32 1 32 1 32 1 14 1 11 1 11 1 32 1 11 1 20 1 11 1 14 1 13 1 20 1 13 1 32 1 9 1 12 1 11 1 20 1 8 1 9 1 18 1 13 1
22 1 32 1 8 1 18 1 11 1 9 1 18 1 18 1 13 1 20 1 20 1 9 1 32 1 18 1 20 1 13 1 11 1 14 1 22 1 32 1 8 1 12 1 8 1 12 1 22 1 8 1 11 1 13 1 9 1 32 1 18 1 8 1 11 1 11 1 20 1 14 1 32 1 13 1 13 1 18 1
13 1 12 1 13 1 18 1 22 1 13 1 12 1 13 1 12 1 11 1 18 1 9 1 22 1 18 1 32 1 20 1 20 1 13 1 32 1 9 1 14 1 13 1 12 1 11 1 8 1 18 1 20 1 14 1 14 1 20 1 18 1 22 1 9 1 20 1 12 1 32 1 32 1 11 1 9 1 14 1
12 1 18 1 20 1 20 1 20 1 20 1 14 1 32 1 22 1 20 1 11 1 32 1 9 1 9 1 12 1 20 1 13 1 14 1 9 1 22 1 11 1 12 1 20 1 32 1 13 1 32 1 13 1 32 1 12 1 32 1 14 1 20 1 9 1 18 1 14 1 11 1 22 1 11 1 8 1 9 1
9 1 12 1 32 1 8 1 9 1 18 1 32 1 13 1 14 1 20 1 8 1 13 1 20 1 11 1 32 1 13 1 11 1 18 1 14 1 18 1 13 1 9 1 8 1 18 1 32 1 12 1 20 1 22 1 11 1 12 1 32 1 32 1 20 1 8 1 12 1 20 1 20 1 8 1 11 1 13 1
11 1 18 1 20 1 11 1 32 1 14 1 18 1 20 1 12 1 11 1 18 1 32 1 11 1 22 1 22 1 11 1 32 1 13 1 18 1 20 1 22 1 9 1 20 1 14 1 11 1 32 1 22 1 13 1 12 1 18 1 22 1 22 1 14 1 12 1 32 1 13 1 14 1 32 1 8 1 8 1
14 1 12 1 12 1 14 1 32 1 32 1 8 1 12 1 12 1 18 1 18 1 8 1 11 1 32 1 20 1 14 1 9 1 12 1 9 1 22 1 9 1 20 1 14 1 32 1 13 1 8 1 14 1 11 1 18 1 8 1 18 1 11 1 32 1 13 1 11 1 9 1 20 1 20 1 14 1 12 1
1 22 1 8 1 14 1 32 1 12 1 13 1 8 1 32 1 9 1 20 1 20 1 18 1 32 1 13 1 18 1 14 1 11 1 11 1 8 1 22 1 11 1 32 1 11 1 11 1 14 1 22 1 18 1 11 1 14 1 32 1 22 1 9 1 18 1 20 1 22 1 11 1 13 1 32 1 8 1 32
20 1 22 1 8 1 32 1 11 1 12 1 18 1 22 1 12 1 32 1 11 1 18 1 22 1 9 1 22 1 12 1 12 1 20 1 20 1 32 1 8 1 12 1 9 1 9 1 13 1 18 1 8 1 32 1 20 1 8 1 14 1 32 1 22 1 22 1 14 1 8 1 14 1 14 1 9 1 9 1
32 1 14 1 32 1 11 1 32 1 14 1 8 1 32 1 22 1 9 1 9 1 12 1 12 1 8 1 9 1 12 1 22 1 14 1 32 1 12 1 18 1 11 1 22 1 14 1 22 1 13 1 9 1 32 1 14 1 32 1 8 1 13 1 13 1 18 1 12 1 22 1 14 1 18 1 14 1 20 1
8 1 13 1 11 1 9 1 13 1 9 1 13 1 13 1 13 1 9 1 20 1 11 1 12 1 11 1 8 1 22 1 32 1 8 1 32 1 13 1 11 1 14 1 13 1 13 1 12 1 11 1 32 1 20 1 14 1 20 1 9 1 11 1 20 1 12 1 18 1 12 1 20 1 18 1 32 1 20 1
18 1 18 1 22 1 32 1 9 1 13 1 13 1 8 1 22 1 8 1 22 1 18 1 20 1 8 1 8 1 8 1 12 1 20 1 8 1 8 1 11 1 13 1 20 1 9 1 8 1 9 1 12 1 22 1 13 1 20 1 8 1 12 1 12 1 32 1 22 1 32 1 12 1 22 1 20 1 8 1
22 1 18 1 11 1 14 1 32 1 18 1 11 1 32 1 18 1 9 1 9 1 12 1 20 1 20 1 18 1 20 1 14 1 11 1 9 1 32 1 11 1 11 1 9 1 11 1 14 1 14 1 20 1 13 1 18 1 14 1 18 1 13 1 22 1 11 1 14 1 13 1 13 1 8 1 12 1 9 1
13 1 9 1 12 1 18 1 11 1 20 1 11 1 20 1 18 1 22 1 32 1 9 1 11 1 12 1 20 1 18 1 11 1 22 1 18 1 12 1 13 1 13 1 8 1 14 1 11 1 18 1 12 1 22 1 20 1 12 1 14 1 14 1 8 1 11 1 32 1 14 1 32 1 22 1 14 1 22 1
11 1 8 1 13 1 32 1 22 1 13 1 22 1 18 1 13 1 8 1 14 1 22 1 22 1 9 1 8 1 12 1 12 1 8 1 13 1 8 1 20 1 20 1 12 1 32 1 20 1 12 1 12 1 22 1 14 1 14 1 18 1 32 1 12 1 32 1 14 1 8 1 8 1 12 1 14 1 14 1
13 1 8 1 9 1 22 1 13 1 12 1 8 1 8 1 32 1 18 1 11 1 13 1 9 1 32 1 32 1 13 1 22 1 9 1 12 1 9 1 22 1 13 1 20 1 22 1 32 1 18 1 9 1 18 1 9 1 8 1 14 1 11 1 32 1 13 1 9 1 8 1 18 1 14 1 13 1 32 1
18 1 12 1 32 1 20 1 32 1 18 1 13 1 8 1 14 1 12 1 11 1 20 1 32 1 12 1 11 1 32 1 14 1 32 1 22 1 32 1 12 1 12 1 11 1 22 1 8 1 11 1 18 1 8 1 22 1 13 1 8 1 13 1 32 1 14 1 9 1 14 1 13 1 8 1 14 1 20 1
1 12 1 14 1 13 1 22 1 18 1 8 1 13 1 20 1 18 1 32 1 8 1 13 1 12 1 8 1 22 1 11 1 13 1 11 1 18 1 12 1 20 1 18 1 8 1 12 1 11 1 11 1 20 1 18 1 18 1 18 1 9 1 20 1 9 1 22 1 13 1 22 1 32 1 32 1 32 1 32
8 1 22 1 11 1 32 1 9 1 20 1 14 1 8 1 13 1 32 1 18 1 18 1 13 1 13 1 12 1 18 1 11 1 11 1 8 1 12 1 11 1 12 1 14 1 12 1 9 1 32 1 8 1 8 1 13 1 32 1 9 1 8 1 9 1 32 1 32 1 32 1 22 1 20 1 22 1 11 1
12 1 14 1 22 1 22 1 12 1 13 1 14 1 22 1 8 1 18 1 12 1 14 1 13 1 13 1 8 1 18 1 20 1 12 1 12 1 32 1 12 1 9 1 32 1 22 1 32 1 22 1 22 1 11 1 18 1 11 1 12 1 20 1 22 1 32 1 32 1 13 1 8 1 8 1 14 1 11 1
22 1 13 1 8 1 18 1 14 1 13 1 11 1 11 1 18 1 20 1 20 1 18 1 32 1 18 1 22 1 13 1 18 1 12 1 22 1 20 1 13 1 32 1 12 1 32 1 20 1 22 1 13 1 12 1 9 1 32 1 8 1 8 1 20 1 8 1 18 1 32 1 22 1 13 1 13 1 14 1
9 1 32 1 8 1 18 1 20 1 20 1 9 1 14 1 14 1 22 1 22 1 32 1 13 1 18 1 9 1 8 1 12 1 18 1 13 1 13 1 20 1 12 1 11 1 13 1 13 1 13 1 11 1 32 1 13 1 8 1 32 1 14 1 11 1 20 1 8 1 32 1 20 1 8 1 32 1 8 1
32 1 12 1 22 1 32 1 8 1 14 1 12 1 14 1 11 1 22 1 22 1 14 1 32 1 22 1 18 1 14 1 8 1 13 1 11 1 32 1 12 1 9 1 18 1 13 1 18 1 9 1 11 1 12 1 9 1 9 1 20 1 11 1 18 1 32 1 11 1 8 1 13 1 22 1 13 1 22 1
14 1 14 1 18 1 18 1 11 1 18 1 12 1 32 1 13 1 12 1 22 1 12 1 20 1 18 1 18 1 13 1 14 1 18 1 8 1 20 1 20 1 12 1 32 1 18 1 11 1 32 1 14 1 32 1 8 1 11 1 14 1 20 1 13 1 14 1 9 1 8 1 8 1 32 1 20 1 20 1
20 1 22 1 18 1 22 1 18 1 11 1 13 1 22 1 32 1 14 1 14 1 11 1 13 1 20 1 8 1 14 1 18 1 12 1 20 1 12 1 14 1 8 1 13 1 32 1 20 1 13 1 9 1 18 1 18 1 13 1 20 1 18 1 14 1 20 1 8 1 32 1 11 1 14 1 13 1 14 1
20 1 11 1 32 1 18 1 8 1 32 1 22 1 18 1 8 1 13 1 18 1 20 1 20 1 12 1 14 1 9 1 22 1 8 1 8 1 13 1 12 1 9 1 9 1 22 1 11 1 13 1 20 1 8 1 18 1 22 1 12 1 32 1 8 1 22 1 8 1 18 1 8 1 12 1 18 1 11 1
12 1 9 1 11 1 12 1 8 1 22 1 9 1 18 1 9 1 18 1 12 1 20 1 20 1 9 1 13 1 22 1 12 1 12 1 11 1 11 1 22 1 18 1 32 1 14 1 13 1 14 1 20 1 13 1 11 1 13 1 11 1 32 1 20 1 11 1 18 1 32 1 12 1 18 1 20 1 20 1
1 12 1 22 1 13 1 18 1 13 1 18 1 22 1 11 1 12 1 18 1 18 1 14 1 14 1 22 1 9 1 13 1 18 1 9 1 8 1 18 1 9 1 12 1 13 1 32 1 9 1 18 1 8 1 13 1 18 1 8 1 20 1 20 1 13 1 14 1 11 1 22 1 8 1 20 1 32 1 9
14 1 22 1 22 1 18 1 32 1 11 1 12 1 14 1 32 1 8 1 14 1 14 1 18 1 20 1 13 1 14 1 22 1 9 1 22 1 32 1 11 1 13 1 20 1 22 1 14 1 13 1 9 1 14 1 32 1 13 1 20 1 9 1 11 1 12 1 11 1 14 1 11 1 12 1 20 1 11 1
9 1 22 1 13 1 8 1 14 1 22 1 32 1 18 1 13 1 20 1 8 1 32 1 12 1 8 1 20 1 9 1 13 1 11 1 20 1 32 1 13 1 12 1 20 1 20 1 11 1 32 1 22 1 22 1 9 1 12 1 14 1 14 1 32 1 22 1 12 1 13 1 20 1 13 1 20 1 32 1
18 1 9 1 8 1 14 1 18 1 12 1 22 1 14 1 22 1 32 1 9 1 22 1 32 1 14 1 8 1 9 1 22 1 32 1 14 1 14 1 12 1 18 1 20 1 12 1 11 1 11 1 18 1 8 1 18 1 20 1 18 1 20 1 9 1 18 1 12 1 22 1 12 1 18 1 12 1 14 1
22 1 18 1 8 1 14 1 13 1 8 1 20 1 12 1 12 1 9 1 32 1 22 1 22 1 14 1 32 1 12 1 14 1 14 1 20 1 14 1 13 1 14 1 8 1 11 1 11 1 14 1 14 1 8 1 8 1 20 1 18 1 22 1 12 1 9 1 13 1 9 1 18 1 9 1 11 1 13 1
13 1 8 1 32 1 8 1 9 1 11 1 18 1 18 1 14 1 20 1 22 1 12 1 18 1 18 1 12 1 11 1 8 1 13 1 14 1 32 1 18 1 14 1 8 1 11 1 11 1 12 1 12 1 18 1 14 1 8 1 18 1 13 1 32 1 14 1 9 1 11 1 32 1 13 1 13 1 13 1
8 1 22 1 12 1 14 1 18 1 11 1 12 1 20 1 8 1 12 1 9 1 14 1 9 1 18 1 8 1 20 1 12 1 18 1 32 1 32 1 12 1 20 1 18 1 11 1 14 1 12 1 8 1 8 1 11 1 22 1 14 1 32 1 20 1 11 1 11 1 14 1 14 1 9 1 9 1 14 1
32 1 18 1 11 1 14 1 8 1 14 1 8 1 22 1 14 1 32 1 22 1 18 1 20 1 12 1 20 1 22 1 12 1 13 1 22 1 11 1 13 1 18 1 11 1 9 1 11 1 11 1 8 1 12 1 32 1 32 1 20 1 9 1 18 1 22 1 13 1 22 1 18 1 20 1 20 1 12 1
11 1 18 1 22 1 14 1 14 1 22 1 12 1 22 1 20 1 13 1 20 1 8 1 32 1 9 1 9 1 22 1 32 1 11 1 13 1 8 1 20 1 13 1 18 1 20 1 11 1 22 1 22 1 18 1 14 1 11 1 8 1 14 1 13 1 32 1 22 1 22 1 11 1 22 1 22 1 32 1
8 1 8 1 20 1 11 1 8 1 18 1 18 1 11 1 9 1 14 1 11 1 14 1 11 1 11 1 8 1 20 1 12 1 11 1 11 1 12 1 22 1 18 1 13 1 12 1 11 1 8 1 8 1 32 1 13 1 13 1 18 1 11 1 20 1 20 1 13 1 8 1 20 1 18 1 22 1 20 1
13 1 32 1 20 1 9 1 14 1 9 1 9 1 18 1 18 1 8 1 18 1 22 1 9 1 18 1 13 1 12 1 18 1 20 1 8 1 22 1 12 1 32 1 14 1 18 1 8 1 22 1 13 1 9 1 14 1 20 1 32 1 22 1 32 1 32 1 12 1 20 1 22 1 9 1 9 1 14 1
12 1 8 1 20 1 9 1 20 1 14 1 8 1 32 1 12 1 20 1 32 1 22 1 9 1 32 1 22 1 32 1 13 1 18 1 18 1 8 1 14 1 9 1 18 1 8 1 13 1 22 1 13 1 12 1 12 1 12 1 22 1 22 1 9 1 22 1 22 1 13 1 8 1 22 1 20 1 32 1
20 1 20 1 32 1 13 1 8 1 11 1 13 1 22 1 8 1 12 1 8 1 18 1 11 1 32 1 9 1 12 1 22 1 22 1 12 1 13 1 9 1 32 1 20 1 18 1 22 1 11 1 20 1 22 1 13 1 18 1 20 1 8 1 14 1 9 1 14 1 14 1 32 1 14 1 8 1 14 1
11 1 18 1 12 1 32 1 9 1 32 1 9 1 22 1 22 1 11 1 9 1 22 1 11 1 14 1 18 1 22 1 9 1 18 1 8 1 22 1 22 1 32 1 12 1 22 1 11 1 22 1 11 1 11 1 20 1 11 1 11 1 13 1 20 1 11 1 9 1 22 1 12 1 9 1 13 1 22 1
14 1 22 1 18 1 12 1 9 1 14 1 32 1 9 1 13 1 14 1 22 1 8 1 32 1 8 1 8 1 9 1 8 1 13 1 12 1 8 1 9 1 12 1 13 1 11 1 22 1 12 1 18 1 14 1 13 1 22 1 14 1 9 1 11 1 13 1 9 1 32 1 18 1 32 1 20 1 20 1
9 1 12 1 18 1 11 1 12 1 12 1 9 1 9 1 11 1 22 1 8 1 13 1 8 1 32 1 32 1 8 1 32 1 22 1 14 1 12 1 8 1 8 1 22 1 32 1 13 1 13 1 18 1 8 1 11 1 22 1 9 1 22 1 9 1 11 1 20 1 14 1 14 1 14 1 32 1 20 1
18 1 9 1 9 1 20 1 11 1 20 1 14 1 18 1 13 1 18 1 32 1 9 1 20 1 14 1 12 1 13 1 12 1 14 1 20 1 8 1 20 1 9 1 32 1 12 1 20 1 9 1 11 1 11 1 22 1 18 1 9 1 14 1 8 1 14 1 32 1 13 1 32 1 13 1 11 1 32 1
1 20 1 9 1 18 1 20 1 8 1 11 1 22 1 22 1 22 1 12 1 11 1 18 1 9 1 9 1 9 1 9 1 18 1 12 1 32 1 13 1 9 1 8 1 22 1 20 1 13 1 11 1 9 1 12 1 32 1 9 1 11 1 8 1 20 1 18 1 13 1 11 1 14 1 12 1 18 1 32
32 1 12 1 12 1 8 1 14 1 13 1 9 1 22 1 18 1 9 1 12 1 14 1 20 1 12 1 9 1 12 1 14 1 9 1 22 1 13 1 13 1 18 1 20 1 18 1 12 1 11 1 18 1 14 1 18 1 14 1 8 1 13 1 9 1 18 1 12 1 18 1 14 1 20 1 12 1 22 1
22 1 9 1 22 1 13 1 11 1 8 1 14 1 22 1 20 1 12 1 18 1 32 1 20 1 9 1 8 1 20 1 13 1 14 1 18 1 9 1 32 1 8 1 9 1 12 1 11 1 22 1 20 1 13 1 18 1 12 1 13 1 22 1 22 1 18 1 20 1 12 1 11 1 13 1 8 1 8 1
